60
2 2 1
1 2
3 4
1 3 2
1 2 3
2 2 0
1 2
3 4
2 2 4
1 2
3 4
2 3 1
1 2 3
4 5 6
1 1 5
1
3 3 2
1 2 3
4 5 6
7 8 9
1 1 0
5
1 1 1
5
1 1 100
5
1 4 0
1 2 3 4
1 4 1
1 2 3 4
1 4 2
1 2 3 4
1 4 3
1 2 3 4
1 4 4
1 2 3 4
4 1 0
1
2
3
4
4 1 1
1
2
3
4
4 1 2
1
2
3
4
4 1 3
1
2
3
4
4 1 4
1
2
3
4
3 3 0
1 2 3
4 5 6
7 8 9
3 3 1
1 2 3
4 5 6
7 8 9
3 3 3
1 2 3
4 5 6
7 8 9
3 3 4
1 2 3
4 5 6
7 8 9
3 3 8
1 2 3
4 5 6
7 8 9
2 2 5
1 2
3 4
2 2 10
1 2
3 4
2 2 99
1 2
3 4
2 2 100
1 2
3 4
1 5 1
1 2 3 4 5
4 2 1
1 2
3 4
5 6
7 8
4 2 2
1 2
3 4
5 6
7 8
4 4 1
1 2 3 4
5 6 7 8
9 10 11 12
13 14 15 16
4 4 2
1 2 3 4
5 6 7 8
9 10 11 12
13 14 15 16
5 5 0
1 2 3 4 5
6 7 8 9 10
11 12 13 14 15
16 17 18 19 20
21 22 23 24 25
5 5 4
1 2 3 4 5
6 7 8 9 10
11 12 13 14 15
16 17 18 19 20
21 22 23 24 25
10 10 0
1 2 3 4 5 6 7 8 9 10
11 12 13 14 15 16 17 18 19 20
21 22 23 24 25 26 27 28 29 30
31 32 33 34 35 36 37 38 39 40
41 42 43 44 45 46 47 48 49 50
51 52 53 54 55 56 57 58 59 60
61 62 63 64 65 66 67 68 69 70
71 72 73 74 75 76 77 78 79 80
81 82 83 84 85 86 87 88 89 90
91 92 93 94 95 96 97 98 99 100
10 10 4
1 2 3 4 5 6 7 8 9 10
11 12 13 14 15 16 17 18 19 20
21 22 23 24 25 26 27 28 29 30
31 32 33 34 35 36 37 38 39 40
41 42 43 44 45 46 47 48 49 50
51 52 53 54 55 56 57 58 59 60
61 62 63 64 65 66 67 68 69 70
71 72 73 74 75 76 77 78 79 80
81 82 83 84 85 86 87 88 89 90
91 92 93 94 95 96 97 98 99 100
10 10 8
1 2 3 4 5 6 7 8 9 10
11 12 13 14 15 16 17 18 19 20
21 22 23 24 25 26 27 28 29 30
31 32 33 34 35 36 37 38 39 40
41 42 43 44 45 46 47 48 49 50
51 52 53 54 55 56 57 58 59 60
61 62 63 64 65 66 67 68 69 70
71 72 73 74 75 76 77 78 79 80
81 82 83 84 85 86 87 88 89 90
91 92 93 94 95 96 97 98 99 100
10 1 1
1
2
3
4
5
6
7
8
9
10
1 10 1
1 2 3 4 5 6 7 8 9 10
2 2 1
-1 -2
-3 -4
2 3 1
-5 0 5
10 -10 20
2 2 1
0 0
0 0
2 3 1
0 1 0
0 0 0
2 1 8
-38
-43
3 2 17
-78 51
8 -92
-93 -77
4 4 16
54 -94 43 -50
83 66 79 39
7 -44 14 50
-29 -99 94 -60
7 6 8
-61 -45 95 -14 -74 -77
-3 -76 -9 -12 54 -33
-89 86 17 37 -69 -4
-80 41 -25 60 58 -8
47 -51 80 -83 -89 69
-42 97 -26 -80 -41 -75
-3 -29 16 62 -7 -59
6 6 6
71 -32 79 74 65 -82
55 62 -57 36 86 -38
-59 18 -3 -31 63 76
42 -44 75 -17 96 98
-86 -42 -92 -20 2 -32
-84 -46 45 83 -20 -46
8 7 20
17 -64 -33 -65 -37 90 43
37 -33 91 49 9 49 2
-8 -44 -65 30 26 -77 93
-88 -72 -61 60 -60 74 8
52 -84 -2 -3 52 19 35
-36 41 -98 74 84 -71 74
37 92 -32 96 64 -13 -72
-25 11 -60 16 -100 84 84
5 9 5
29 -73 60 -24 63 29 55 -50 -61
-5 95 -59 38 99 35 -100 53 -18
25 -96 -72 -8 -22 -39 -86 -39 45
-80 -79 87 24 -83 94 36 96 -68
-68 68 21 40 -58 -33 35 55 8
4 9 6
82 -21 2 71 66 -5 12 32 15
-70 -37 -43 -84 -14 -95 50 41 -42
50 -44 -99 -82 81 61 -85 -42 -83
-92 -16 -82 31 -40 -29 71 24 -46
9 3 18
47 21 -38
100 21 4
-52 -76 -76
68 10 -10
8 5 19
86 -87 72
67 65 -75
-85 3 86
-14 -73 -37
4 4 17
14 -65 8 -54
-29 18 -37 -81
13 40 -75 -88
66 38 -97 -77
8 8 65
21 52 62 61 27 51 7 21
48 0 49 33 58 36 54 89
93 71 84 91 62 19 24 37
27 7 74 94 69 7 95 40
7 6 74 61 64 67 20 7
65 10 23 8 76 8 86 30
51 15 72 31 74 76 5 79
10 53 84 74 72 66 40 33
3 7 95
40 30 33 50 16 85 82
38 58 40 96 9 1 58
79 72 12 9 68 27 64
4 3 72
8 31 47
36 20 56
69 90 38
78 83 67
2 7 85
38 84 13 17 33 14 13
95 70 19 34 36 77 26
7 4 63
87 81 33 64
62 32 6 11
81 54 35 5
0 42 98 16
81 33 20 94
56 70 90 54
71 1 14 9
