209
9
0 1 2 3 4 5 7 8 9
17
9
0 1 2 3 4 5 7 8 9
18
3
1 2 3
4
3
1 2 3
7
2
5 5
10
1
10
20
4
-1 -2 -3 5
2
2
0 0
0
2
1 2
3
2
1 2
5
2
-1000 1000
0
2
-1000 -1000
-2000
30
179 108 -156 14 -81 -184 -185 -99 159 146 79 87 79 -153 -72 -60 58 -129 -75 132 179 102 -187 -86 -72 166 -148 -89 16 177
1397
30
159 32 -6 149 131 195 138 -117 -149 95 160 -11 58 -160 58 58 -84 -93 143 -177 -52 -81 -64 -165 -19 -58 -102 -14 125 58
6
24
-64 87 -66 99 60 186 181 -176 -88 -64 182 -64 -15 -144 75 4 -130 19 -64 52 98 -74 -154 -129
-193
18
127 -122 28 -48 59 -9 111 190 198 -118 59 -146 120 28 71 76 -99 28
67
18
173 -92 35 16 186 132 35 -98 76 35 35 4 165 35 35 143 -41 153
-57
12
48 142 31 31 170 -133 31 92 -91 95 -58 76
124
30
29 76 -153 81 -73 -162 133 74 26 -73 -150 36 172 6 -169 185 -115 -103 -107 -102 -175 65 -193 -27 65 -129 -145 -79 -58 16
1492
26
-159 -165 -139 60 -67 104 -159 136 -74 117 -39 -60 -60 14 -180 67 96 -80 -105 91 145 -166 6 89 98 104
1601
17
-6 139 78 24 113 -196 160 134 83 -6 -46 70 141 -6 -47 -120 -6
-972
11
-77 -30 -178 -77 -77 -59 194 -199 -77 -77 -134
830
14
-17 -11 39 -135 -180 -43 82 20 -179 -125 39 -93 98 -14
-1899
15
-64 88 -73 -119 142 88 88 159 200 10 -181 -145 88 176 -5
1960
18
-181 147 -11 -65 -67 -11 -11 -11 -11 -145 97 -11 74 -31 4 -186 -141 -109
86
29
-47 83 -20 -49 168 9 -200 -45 -6 6 7 -33 59 -20 91 -42 15 140 -54 -46 115 -102 156 -111 183 146 80 -135 141
-87
29
96 96 198 -4 4 94 -101 37 156 194 -76 33 85 156 152 -125 -88 -110 53 -146 184 -198 17 65 122 135 12 -175 167
215
19
-29 -37 76 -159 -130 -123 -40 -40 -40 -40 -82 -4 155 -122 161 -91 -168 12 8
39
11
-1 194 99 -48 -48 -48 -48 -48 156 -190 191
-47
10
185 -1 14 -10 -10 -10 -10 75 182 176
470
17
-61 23 48 -186 -1 24 24 24 -28 142 147 7 170 -116 39 -135 118
1714
22
139 -187 -158 129 19 -131 36 51 51 51 51 51 51 -107 -175 -67 -6 -33 -92 32 -33 -28
-448
18
-71 -159 40 -191 183 76 92 92 92 92 92 -174 -21 -86 132 -165 199 133
21
16
-122 -78 -136 42 142 -95 -95 -95 -95 -95 -95 -142 88 -89 38 158
-278
29
198 -117 -41 -145 96 -187 -41 94 146 55 55 -8 3 166 -99 -162 103 153 121 -76 -148 156 195 -46 150 107 -139 89 200
319
21
131 -26 -194 15 50 -146 21 -83 -83 -83 -83 -83 -83 -15 125 35 162 -122 22 -110 175
664
18
196 47 38 23 174 103 57 57 57 57 57 57 -63 -35 -75 -156 -58 30
-138
20
-34 -107 49 -92 -19 -68 -93 -93 -93 -93 -93 -26 -57 105 159 -59 84 -195 64 -103
46
27
153 43 130 164 51 29 -192 -153 -50 94 94 94 -87 7 154 -76 -44 139 97 -12 42 83 71 -24 17 181 81
225
18
-82 -139 169 -102 -39 -139 -22 -22 -22 -22 180 74 190 153 -106 -102 -90 178
-112
13
-84 -16 -109 -46 -51 -51 -51 -51 -193 162 73 -136 -60
-277
19
126 185 51 -148 -194 93 78 78 78 -55 40 45 25 -26 -106 -174 -71 44 -142
-359
25
75 13 67 191 -6 47 -124 -140 88 -73 105 47 197 -157 75 110 -123 47 47 -85 30 26 85 116 -45
-213
19
16 50 -124 -33 -142 -33 75 78 -33 17 50 50 131 -99 -85 16 75 -33 50
-49
20
-36 40 72 144 50 -77 187 -77 65 191 -63 72 -111 72 -36 190 95 72 50 -180
253
11
63 -36 -36 -78 -36 -78 -78 -71 -71 -71 -200
1112
11
-32 -67 -67 157 -138 -67 24 -32 -32 48 -32
1739
13
83 -61 -70 -61 -61 -70 83 -70 60 -70 161 83 -61
1499
23
-100 75 100 85 -100 29 -7 -24 29 78 190 47 137 -100 29 -124 82 50 -30 85 85 96 28
-71
14
-81 67 -81 3 67 -81 119 100 132 100 -27 154 100 -159
1058
12
-47 -186 -75 13 13 -75 -75 155 -177 80 -75 80
-106
22
74 141 18 27 -120 -70 38 146 74 79 -64 27 27 -196 -64 18 35 18 -53 18 -70 27
54
18
44 99 -88 -20 197 44 110 54 99 110 44 -54 -83 44 181 99 -175 99
-1281
16
38 35 -61 -142 -69 -27 38 35 -116 35 -49 46 35 182 39 38
-81
22
-33 -5 -87 -168 132 -46 -141 112 131 20 58 58 72 58 158 37 72 125 58 9 -5 20
521
23
130 3 -6 -6 78 -17 -103 -12 -150 13 -169 -92 -80 151 32 13 -15 -92 -92 -59 13 -138 -92
-14
18
15 -192 -136 -72 -193 -35 -94 -65 -72 101 -79 -94 -111 -174 -17 -72 -72 179
-177
35
367 -89 -64 202 -390 2 229 431 -46 -425 420 -418 -171 122 -349 -433 -371 -219 139 148 99 61 -168 -110 111 43 -199 -36 17 119 -60 -399 312 218 -383
666
48
287 64 238 386 -280 -60 -38 409 -267 -77 -153 347 -36 -92 -75 247 -403 -180 -63 181 -239 -117 476 -344 203 445 -15 -432 -407 351 -413 -405 -58 -402 262 256 -119 331 -367 69 -439 100 479 75 -163 186 -375 -80
47
47
437 238 -448 491 -206 114 -181 -140 -394 91 19 -283 -342 172 -7 -271 367 -390 -142 365 69 -124 -383 280 -215 87 -269 326 -61 74 497 285 338 136 128 191 158 70 -474 123 451 173 349 210 -227 -471 -316
241
31
-494 -315 390 -354 79 173 -90 -429 -355 258 148 495 -469 -407 264 43 -280 -115 -71 -36 -151 -339 -122 -181 238 -168 295 464 81 110 -414
-1363
25
272 132 -450 190 -417 -222 -47 177 -66 -3 121 -48 -76 -221 -280 273 24 -384 -147 -60 -387 -210 194 107 -2
-737
21
-275 -96 113 -444 -493 -291 -192 468 -284 285 -360 282 -239 -204 -165 -378 9 264 -60 -321 -368
477
37
353 184 325 -138 -427 -94 382 259 -457 -54 -481 -30 443 -421 -180 89 -61 87 -86 226 155 -73 -204 -383 -479 489 -168 -325 320 470 132 -29 351 206 441 -130 -410
471
33
103 -90 36 -420 -95 391 -183 263 -153 -274 -159 297 -328 -422 22 148 -384 43 -302 427 294 -143 -141 244 481 338 160 334 -349 -259 -395 -351 -238
-369
25
474 291 143 5 -25 272 77 278 93 -41 197 446 403 78 158 150 139 -170 384 494 142 -177 -346 -50 -431
101
45
-219 105 -443 -140 19 -425 -183 -28 -38 -462 -442 -123 351 -207 -422 160 384 375 -408 129 108 -107 -27 94 67 477 310 256 417 -458 -40 430 329 85 167 -308 -171 119 -13 13 -346 480 -437 -39 -395
1429
30
231 -414 16 161 -324 -460 -247 224 -52 -51 36 35 124 -338 -128 -119 439 -211 -104 -82 293 -154 195 112 -447 308 146 162 -158 -433
-365
32
-210 -242 241 372 172 487 428 117 394 -347 -159 -417 96 179 -356 438 -142 -183 490 171 215 178 -99 -368 109 225 460 -414 72 -115 158 310
881
40
186 -67 20 -130 -482 -129 -184 -316 473 -281 -151 470 284 -3 -304 -269 -360 -342 -421 -198 364 307 -397 19 289 52 355 256 404 39 -462 177 -156 397 132 -366 111 -115 -343 -334
-485
43
-52 -456 -80 -127 192 236 -257 492 -46 125 -209 270 266 302 -41 -261 46 -256 -184 488 328 303 -20 425 355 -302 -124 194 469 84 -49 -28 287 -212 296 -109 14 40 -72 489 -335 336 -296
-1434
47
-244 -447 156 -8 395 -120 67 456 -395 228 366 28 371 -373 -209 -415 281 -336 -221 -40 427 25 -350 350 -53 -407 469 432 -273 336 -39 405 -143 452 -473 -76 -446 -95 14 -118 -259 -105 -417 -117 -271 -472 -174
1437
42
165 -157 310 -351 -360 -461 -207 439 349 -17 212 351 -358 277 222 -20 -41 130 -495 427 -419 -481 -238 -280 355 -347 61 462 244 123 40 -67 -387 294 -205 -257 -192 -376 -452 -256 -71 154
-128
22
-387 356 426 11 111 48 -484 147 27 88 -253 235 -353 -202 -61 -499 129 -139 -254 84 -74 -309
-1650
36
498 -131 -431 476 38 57 19 305 67 -480 -101 394 -19 -456 150 -104 -118 -241 265 -484 -135 307 -147 -254 250 172 143 -394 290 95 252 274 -160 -364 -455 -140
1332
40
-321 350 297 201 -25 212 -10 146 -314 330 -362 -436 233 294 466 -32 -463 -200 -294 -456 310 -296 407 -458 -177 455 -183 27 -93 334 56 -16 -241 271 162 -305 -208 -135 382 299
-496
23
318 -124 -53 410 -91 261 -50 416 479 -105 -153 497 -309 8 208 9 446 316 31 -227 320 -416 244
-219
71
-242 136 225 35 225 61 13 -130 61 157 258 154 145 59 -19 -195 28 145 -224 157 115 145 -257 115 -219 59 156 0 -130 -257 -130 136 -195 115 72 -242 28 -195 115 2 72 136 145 13 157 -224 72 156 225 61 -130 -257 157 35 -224 258 -195 156 107 190 238 120 119 288 -225 -172 24 -225 160 177 229
344
68
-44 -99 -99 -44 -70 143 -10 -99 -19 11 10 -70 214 -19 -10 30 10 -173 10 246 54 -132 -19 214 -172 -244 230 -172 -99 10 30 30 264 -173 -44 231 230 -10 54 -19 54 230 264 54 -135 -220 -220 -10 -220 -144 -244 -172 -54 -80 297 61 -251 -249 -12 206 181 -8 249 -292 -190 141 -163 -30
1128
85
111 221 221 95 271 74 -225 -153 283 -101 -179 82 266 221 -254 -225 -153 263 -14 275 -101 111 -14 103 82 263 271 71 82 283 212 -14 71 -5 111 161 216 275 -179 -97 103 103 212 263 47 161 275 -169 -248 -169 -169 216 -14 -201 161 271 -101 -179 271 275 95 -5 216 110 -225 -101 -248 216 266 -169 221 -5 -153 283 -38 190 -81 -94 251 -23 275 -22 -160 -189 300
-9
74
187 -62 247 38 188 247 -209 -160 -262 -96 -96 -247 -96 -8 123 -63 -240 287 38 -62 -62 123 -139 -8 -63 28 -6 188 -121 -262 123 -262 -160 187 -6 -139 183 -121 183 -121 188 123 -63 -198 -8 -262 -247 -295 -96 187 116 28 -6 38 38 -240 -8 -6 -160 -209 263 -240 -62 -139 125 262 182 250 -77 -47 -217 238 157 240
-1681
96
286 167 -207 260 -207 152 -165 35 249 -244 222 156 200 -186 277 232 -241 156 -132 167 286 297 15 232 -241 -90 286 173 -181 15 272 232 200 286 -165 164 -207 249 272 -181 -244 164 -237 167 -90 225 105 217 260 249 -147 -186 164 222 -90 156 164 -186 -93 173 -244 -165 -278 -181 -207 232 156 125 297 -90 -244 272 -165 272 125 222 118 -148 7 85 -112 250 184 -54 -70 7 -153 174 -241 275 122 126 270 242 -163 97
49
65
40 -260 10 -87 -206 -108 10 -106 -260 -226 190 160 -26 -226 248 -78 -206 79 -105 160 -108 -180 -87 -78 -84 86 190 79 190 -26 86 248 272 86 248 -226 -180 190 -106 10 -285 -108 -248 -180 -260 -106 86 -105 -84 -26 -260 -87 -285 -78 272 -248 160 248 -87 -248 -285 272 160 10 -284
-545
61
-202 248 -54 214 -202 -148 106 236 -117 236 -220 -19 -220 -42 242 239 214 106 62 -202 248 -42 -202 -7 236 248 140 -19 -148 -104 -148 236 248 106 242 -191 -7 -27 -27 -54 -27 -19 106 214 -148 -220 -27 -283 -283 242 -54 -19 -54 64 266 84 142 -110 299 89 -213
-791
75
117 69 117 -196 -211 224 24 -26 -143 141 -216 224 -196 270 24 -24 159 268 98 -207 -24 159 98 117 159 -143 24 270 -109 -295 -24 -207 -109 -109 155 -165 155 141 -295 -207 -295 -225 117 98 89 68 24 -211 -165 -24 -211 141 -191 -191 -295 -143 159 68 -207 15 -191 148 -2 -230 118 211 -158 10 -53 -42 -143 133 86 -225 159
-38
97
140 -36 156 -74 109 39 276 68 140 218 100 -290 -130 -200 110 39 -73 222 256 -192 110 249 -73 128 276 249 63 247 249 -263 -36 -255 100 109 -73 -74 39 -255 -130 68 218 83 256 83 231 256 -255 218 276 247 231 294 -36 -192 68 -200 256 140 110 -46 63 276 63 -46 110 -192 -200 271 -189 -192 -130 -36 -200 -74 39 249 289 -213 231 198 250 -123 268 -130 201 -5 -157 -109 22 161 -246 67 -291 196 -161 -101 93
70
91
255 -5 -70 -269 -129 278 200 -128 279 118 75 -5 255 200 256 118 168 118 -185 -185 -184 255 256 279 -267 -26 154 125 -129 125 286 -1 -129 207 -70 -185 -269 -128 262 118 -5 278 -26 -267 -269 168 286 -19 -75 203 207 -26 286 203 -267 -75 -75 -184 -258 -128 250 125 256 262 75 -128 278 -267 75 -216 250 125 223 278 -138 -20 -205 69 -44 -216 80 -131 -247 105 12 -61 139 -207 -203 -299 -82
148
74
155 -292 76 -196 20 189 132 -160 51 20 -195 -291 -209 132 6 20 -230 91 -196 -195 155 -164 -291 -165 132 51 -154 -160 92 92 91 -292 -165 189 231 -154 -291 6 -230 -292 -228 -196 132 -291 76 -165 -66 91 -177 -196 20 -195 -177 -165 76 243 -230 -16 -215 17 -220 223 -92 -141 249 34 100 300 -233 17 147 -56 -241 -50
249
89
-235 -178 -22 290 -171 55 -222 -130 43 -244 290 290 -35 -222 -289 80 166 16 -25 -31 -180 -288 -171 235 -222 166 -289 -121 139 -160 43 223 -178 -270 -25 -22 -171 -180 -22 236 166 -270 -235 -180 -31 -288 229 -244 290 -180 -121 55 208 236 -133 -171 -121 -130 -244 -25 -235 -160 -288 -121 -289 -22 294 -203 217 -164 103 -224 281 -237 145 -167 -58 -2 -33 22 102 34 25 163 -22 -61 -224 -93 -161
394
66
160 248 -177 -208 66 177 15 -29 177 -88 248 15 -88 162 160 -141 116 -29 116 -177 -259 -80 116 -29 -132 177 35 162 162 174 -192 177 162 35 -29 -141 -132 -177 -208 -178 160 11 -139 -80 -88 -88 21 2 210 121 263 190 -238 -211 -14 92 -160 129 -96 238 -45 256 -281 91 67 191
-15
82
242 -13 -116 -28 -198 -54 -243 214 -62 26 214 -274 -28 -137 26 -243 -198 -54 -123 -47 -116 -76 -241 279 -241 29 246 -241 298 289 289 -270 298 -274 -270 -116 -198 183 -241 -24 97 -76 -76 -76 29 63 -13 -198 63 -243 29 -270 66 97 246 63 -54 -62 97 279 157 -289 -29 -86 -45 -231 58 -38 -190 -299 -251 95 148 129 -130 123 204 87 59 259 84 -197
1230
96
-269 -132 26 -140 -140 -70 -90 -132 260 119 39 39 -140 26 267 -280 -140 84 162 -126 26 -106 84 -33 -205 -280 -70 -134 -269 -205 162 39 -266 -106 -90 -225 260 39 141 -136 -70 50 119 -90 253 -280 260 84 194 -106 -197 -106 50 -134 -224 -280 260 253 50 -90 144 -33 46 -225 1 26 162 -224 84 119 -197 -246 -224 -134 -197 253 253 -132 141 -193 -147 -149 280 296 -198 -192 276 -197 -8 248 52 120 -30 92 197 285
-1847
10
7 7 7 7 7 7 7 7 7 7
14
10
7 7 7 7 7 7 7 7 7 7
21
25
7 7 7 7 7 7 7 7 7 7 7 7 7 7 7 7 7 7 7 7 7 7 7 7 7
14
25
7 7 7 7 7 7 7 7 7 7 7 7 7 7 7 7 7 7 7 7 7 7 7 7 7
21
50
7 7 7 7 7 7 7 7 7 7 7 7 7 7 7 7 7 7 7 7 7 7 7 7 7 7 7 7 7 7 7 7 7 7 7 7 7 7 7 7 7 7 7 7 7 7 7 7 7 7
14
50
7 7 7 7 7 7 7 7 7 7 7 7 7 7 7 7 7 7 7 7 7 7 7 7 7 7 7 7 7 7 7 7 7 7 7 7 7 7 7 7 7 7 7 7 7 7 7 7 7 7
21
100
7 7 7 7 7 7 7 7 7 7 7 7 7 7 7 7 7 7 7 7 7 7 7 7 7 7 7 7 7 7 7 7 7 7 7 7 7 7 7 7 7 7 7 7 7 7 7 7 7 7 7 7 7 7 7 7 7 7 7 7 7 7 7 7 7 7 7 7 7 7 7 7 7 7 7 7 7 7 7 7 7 7 7 7 7 7 7 7 7 7 7 7 7 7 7 7 7 7 7 7
14
100
7 7 7 7 7 7 7 7 7 7 7 7 7 7 7 7 7 7 7 7 7 7 7 7 7 7 7 7 7 7 7 7 7 7 7 7 7 7 7 7 7 7 7 7 7 7 7 7 7 7 7 7 7 7 7 7 7 7 7 7 7 7 7 7 7 7 7 7 7 7 7 7 7 7 7 7 7 7 7 7 7 7 7 7 7 7 7 7 7 7 7 7 7 7 7 7 7 7 7 7
21
10
-5 -5 -5 -5 -5 -5 -5 -5 -5 -5
-10
10
-5 -5 -5 -5 -5 -5 -5 -5 -5 -5
-15
25
-5 -5 -5 -5 -5 -5 -5 -5 -5 -5 -5 -5 -5 -5 -5 -5 -5 -5 -5 -5 -5 -5 -5 -5 -5
-10
25
-5 -5 -5 -5 -5 -5 -5 -5 -5 -5 -5 -5 -5 -5 -5 -5 -5 -5 -5 -5 -5 -5 -5 -5 -5
-15
50
-5 -5 -5 -5 -5 -5 -5 -5 -5 -5 -5 -5 -5 -5 -5 -5 -5 -5 -5 -5 -5 -5 -5 -5 -5 -5 -5 -5 -5 -5 -5 -5 -5 -5 -5 -5 -5 -5 -5 -5 -5 -5 -5 -5 -5 -5 -5 -5 -5 -5
-10
50
-5 -5 -5 -5 -5 -5 -5 -5 -5 -5 -5 -5 -5 -5 -5 -5 -5 -5 -5 -5 -5 -5 -5 -5 -5 -5 -5 -5 -5 -5 -5 -5 -5 -5 -5 -5 -5 -5 -5 -5 -5 -5 -5 -5 -5 -5 -5 -5 -5 -5
-15
100
-5 -5 -5 -5 -5 -5 -5 -5 -5 -5 -5 -5 -5 -5 -5 -5 -5 -5 -5 -5 -5 -5 -5 -5 -5 -5 -5 -5 -5 -5 -5 -5 -5 -5 -5 -5 -5 -5 -5 -5 -5 -5 -5 -5 -5 -5 -5 -5 -5 -5 -5 -5 -5 -5 -5 -5 -5 -5 -5 -5 -5 -5 -5 -5 -5 -5 -5 -5 -5 -5 -5 -5 -5 -5 -5 -5 -5 -5 -5 -5 -5 -5 -5 -5 -5 -5 -5 -5 -5 -5 -5 -5 -5 -5 -5 -5 -5 -5 -5 -5
-10
100
-5 -5 -5 -5 -5 -5 -5 -5 -5 -5 -5 -5 -5 -5 -5 -5 -5 -5 -5 -5 -5 -5 -5 -5 -5 -5 -5 -5 -5 -5 -5 -5 -5 -5 -5 -5 -5 -5 -5 -5 -5 -5 -5 -5 -5 -5 -5 -5 -5 -5 -5 -5 -5 -5 -5 -5 -5 -5 -5 -5 -5 -5 -5 -5 -5 -5 -5 -5 -5 -5 -5 -5 -5 -5 -5 -5 -5 -5 -5 -5 -5 -5 -5 -5 -5 -5 -5 -5 -5 -5 -5 -5 -5 -5 -5 -5 -5 -5 -5 -5
-15
10
0 0 0 0 0 0 0 0 0 0
0
10
0 0 0 0 0 0 0 0 0 0
0
25
0 0 0 0 0 0 0 0 0 0 0 0 0 0 0 0 0 0 0 0 0 0 0 0 0
0
25
0 0 0 0 0 0 0 0 0 0 0 0 0 0 0 0 0 0 0 0 0 0 0 0 0
0
50
0 0 0 0 0 0 0 0 0 0 0 0 0 0 0 0 0 0 0 0 0 0 0 0 0 0 0 0 0 0 0 0 0 0 0 0 0 0 0 0 0 0 0 0 0 0 0 0 0 0
0
50
0 0 0 0 0 0 0 0 0 0 0 0 0 0 0 0 0 0 0 0 0 0 0 0 0 0 0 0 0 0 0 0 0 0 0 0 0 0 0 0 0 0 0 0 0 0 0 0 0 0
0
100
0 0 0 0 0 0 0 0 0 0 0 0 0 0 0 0 0 0 0 0 0 0 0 0 0 0 0 0 0 0 0 0 0 0 0 0 0 0 0 0 0 0 0 0 0 0 0 0 0 0 0 0 0 0 0 0 0 0 0 0 0 0 0 0 0 0 0 0 0 0 0 0 0 0 0 0 0 0 0 0 0 0 0 0 0 0 0 0 0 0 0 0 0 0 0 0 0 0 0 0
0
100
0 0 0 0 0 0 0 0 0 0 0 0 0 0 0 0 0 0 0 0 0 0 0 0 0 0 0 0 0 0 0 0 0 0 0 0 0 0 0 0 0 0 0 0 0 0 0 0 0 0 0 0 0 0 0 0 0 0 0 0 0 0 0 0 0 0 0 0 0 0 0 0 0 0 0 0 0 0 0 0 0 0 0 0 0 0 0 0 0 0 0 0 0 0 0 0 0 0 0 0
0
10
13 13 13 13 13 13 13 13 13 13
26
10
13 13 13 13 13 13 13 13 13 13
39
25
13 13 13 13 13 13 13 13 13 13 13 13 13 13 13 13 13 13 13 13 13 13 13 13 13
26
25
13 13 13 13 13 13 13 13 13 13 13 13 13 13 13 13 13 13 13 13 13 13 13 13 13
39
50
13 13 13 13 13 13 13 13 13 13 13 13 13 13 13 13 13 13 13 13 13 13 13 13 13 13 13 13 13 13 13 13 13 13 13 13 13 13 13 13 13 13 13 13 13 13 13 13 13 13
26
50
13 13 13 13 13 13 13 13 13 13 13 13 13 13 13 13 13 13 13 13 13 13 13 13 13 13 13 13 13 13 13 13 13 13 13 13 13 13 13 13 13 13 13 13 13 13 13 13 13 13
39
100
13 13 13 13 13 13 13 13 13 13 13 13 13 13 13 13 13 13 13 13 13 13 13 13 13 13 13 13 13 13 13 13 13 13 13 13 13 13 13 13 13 13 13 13 13 13 13 13 13 13 13 13 13 13 13 13 13 13 13 13 13 13 13 13 13 13 13 13 13 13 13 13 13 13 13 13 13 13 13 13 13 13 13 13 13 13 13 13 13 13 13 13 13 13 13 13 13 13 13 13
26
100
13 13 13 13 13 13 13 13 13 13 13 13 13 13 13 13 13 13 13 13 13 13 13 13 13 13 13 13 13 13 13 13 13 13 13 13 13 13 13 13 13 13 13 13 13 13 13 13 13 13 13 13 13 13 13 13 13 13 13 13 13 13 13 13 13 13 13 13 13 13 13 13 13 13 13 13 13 13 13 13 13 13 13 13 13 13 13 13 13 13 13 13 13 13 13 13 13 13 13 13
39
31
6 6 6 6 6 -59 6 -59 6 6 6 6 -59 6 6 6 -59 6 6 6 6 6 6 6 6 -59 6 6 6 6 6
-118
31
6 6 6 6 6 -59 6 -59 6 6 6 6 -59 6 6 6 -59 6 6 6 6 6 6 6 6 -59 6 6 6 6 6
-53
31
6 6 6 6 6 -59 6 -59 6 6 6 6 -59 6 6 6 -59 6 6 6 6 6 6 6 6 -59 6 6 6 6 6
12
31
6 6 6 6 6 -59 6 -59 6 6 6 6 -59 6 6 6 -59 6 6 6 6 6 6 6 6 -59 6 6 6 6 6
477
25
26 -104 -104 26 26 26 26 26 -104 26 26 26 -104 26 26 26 -104 -104 26 -104 26 26 26 26 26
-208
25
26 -104 -104 26 26 26 26 26 -104 26 26 26 -104 26 26 26 -104 -104 26 -104 26 26 26 26 26
-78
25
26 -104 -104 26 26 26 26 26 -104 26 26 26 -104 26 26 26 -104 -104 26 -104 26 26 26 26 26
52
25
26 -104 -104 26 26 26 26 26 -104 26 26 26 -104 26 26 26 -104 -104 26 -104 26 26 26 26 26
-1793
43
-99 -99 -99 -99 -99 -99 -99 -99 -99 160 160 160 160 160 160 -99 160 -99 -99 160 160 160 160 -99 -99 160 160 -99 -99 160 -99 -99 160 -99 -99 -99 160 160 160 -99 -99 -99 -99
320
43
-99 -99 -99 -99 -99 -99 -99 -99 -99 160 160 160 160 160 160 -99 160 -99 -99 160 160 160 160 -99 -99 160 160 -99 -99 160 -99 -99 160 -99 -99 -99 160 160 160 -99 -99 -99 -99
61
43
-99 -99 -99 -99 -99 -99 -99 -99 -99 160 160 160 160 160 160 -99 160 -99 -99 160 160 160 160 -99 -99 160 160 -99 -99 160 -99 -99 160 -99 -99 -99 160 160 160 -99 -99 -99 -99
-198
43
-99 -99 -99 -99 -99 -99 -99 -99 -99 160 160 160 160 160 160 -99 160 -99 -99 160 160 160 160 -99 -99 160 160 -99 -99 160 -99 -99 160 -99 -99 -99 160 160 160 -99 -99 -99 -99
462
20
-71 -86 -71 -86 -86 -71 -86 -86 -86 -71 -71 -71 -86 -86 -86 -71 -71 -71 -71 -86
-172
20
-71 -86 -71 -86 -86 -71 -86 -86 -86 -71 -71 -71 -86 -86 -86 -71 -71 -71 -71 -86
-157
20
-71 -86 -71 -86 -86 -71 -86 -86 -86 -71 -71 -71 -86 -86 -86 -71 -71 -71 -71 -86
-142
20
-71 -86 -71 -86 -86 -71 -86 -86 -86 -71 -71 -71 -86 -86 -86 -71 -71 -71 -71 -86
-27
24
-28 -59 -28 -28 -59 -28 -28 -28 -28 -28 -28 -28 -28 -28 -28 -28 -28 -28 -28 -28 -28 -59 -28 -28
-56
24
-28 -59 -28 -28 -59 -28 -28 -28 -28 -28 -28 -28 -28 -28 -28 -28 -28 -28 -28 -28 -28 -59 -28 -28
-87
24
-28 -59 -28 -28 -59 -28 -28 -28 -28 -28 -28 -28 -28 -28 -28 -28 -28 -28 -28 -28 -28 -59 -28 -28
-118
24
-28 -59 -28 -28 -59 -28 -28 -28 -28 -28 -28 -28 -28 -28 -28 -28 -28 -28 -28 -28 -28 -59 -28 -28
-410
22
98 98 98 162 98 98 98 162 98 98 98 98 162 98 98 98 98 98 98 98 98 98
196
22
98 98 98 162 98 98 98 162 98 98 98 98 162 98 98 98 98 98 98 98 98 98
260
22
98 98 98 162 98 98 98 162 98 98 98 98 162 98 98 98 98 98 98 98 98 98
324
22
98 98 98 162 98 98 98 162 98 98 98 98 162 98 98 98 98 98 98 98 98 98
680
25
-87 -87 -87 -19 -19 -87 -19 -19 -87 -19 -19 -19 -19 -87 -87 -87 -19 -19 -19 -19 -19 -19 -19 -19 -19
-174
25
-87 -87 -87 -19 -19 -87 -19 -19 -87 -19 -19 -19 -19 -87 -87 -87 -19 -19 -19 -19 -19 -19 -19 -19 -19
-106
25
-87 -87 -87 -19 -19 -87 -19 -19 -87 -19 -19 -19 -19 -87 -87 -87 -19 -19 -19 -19 -19 -19 -19 -19 -19
-38
25
-87 -87 -87 -19 -19 -87 -19 -19 -87 -19 -19 -19 -19 -87 -87 -87 -19 -19 -19 -19 -19 -19 -19 -19 -19
-308
23
-123 -130 -123 -130 -130 -123 -130 -130 -130 -123 -130 -130 -130 -130 -130 -123 -123 -130 -123 -130 -130 -130 -130
-246
23
-123 -130 -123 -130 -130 -123 -130 -130 -130 -123 -130 -130 -130 -130 -130 -123 -123 -130 -123 -130 -130 -130 -130
-253
23
-123 -130 -123 -130 -130 -123 -130 -130 -130 -123 -130 -130 -130 -130 -130 -123 -123 -130 -123 -130 -130 -130 -130
-260
23
-123 -130 -123 -130 -130 -123 -130 -130 -130 -123 -130 -130 -130 -130 -130 -123 -123 -130 -123 -130 -130 -130 -130
-1470
59
22 124 22 22 22 22 124 124 124 124 124 124 124 22 124 22 124 124 22 22 124 124 124 22 124 124 124 22 124 22 124 22 124 124 124 22 22 22 22 22 22 124 124 124 22 124 124 22 124 22 124 22 124 22 22 22 124 22 22
44
59
22 124 22 22 22 22 124 124 124 124 124 124 124 22 124 22 124 124 22 22 124 124 124 22 124 124 124 22 124 22 124 22 124 124 124 22 22 22 22 22 22 124 124 124 22 124 124 22 124 22 124 22 124 22 22 22 124 22 22
146
59
22 124 22 22 22 22 124 124 124 124 124 124 124 22 124 22 124 124 22 22 124 124 124 22 124 124 124 22 124 22 124 22 124 124 124 22 22 22 22 22 22 124 124 124 22 124 124 22 124 22 124 22 124 22 22 22 124 22 22
248
59
22 124 22 22 22 22 124 124 124 124 124 124 124 22 124 22 124 124 22 22 124 124 124 22 124 124 124 22 124 22 124 22 124 124 124 22 22 22 22 22 22 124 124 124 22 124 124 22 124 22 124 22 124 22 22 22 124 22 22
912
22
127 127 -8 127 127 -8 127 -8 -8 127 127 -8 -8 127 127 127 -8 -8 127 -8 127 127
-16
22
127 127 -8 127 127 -8 127 -8 -8 127 127 -8 -8 127 127 127 -8 -8 127 -8 127 127
119
22
127 127 -8 127 127 -8 127 -8 -8 127 127 -8 -8 127 127 127 -8 -8 127 -8 127 127
254
22
127 127 -8 127 127 -8 127 -8 -8 127 127 -8 -8 127 127 127 -8 -8 127 -8 127 127
-767
33
138 142 146 150 154 158 162 162 162 166 170 170 174 178 182 186 190 194 198 202 206 206 210 214 218 222 226 230 234 234 238 242 246
404
26
111 118 125 132 139 146 153 153 160 167 174 181 181 188 195 202 209 216 223 223 230 237 244 244 251 258
264
37
54 54 54 61 68 75 75 82 89 96 103 110 117 124 131 138 145 152 159 159 166 173 180 187 194 201 201 208 215 222 229 236 243 250 257 264 271
1421
38
142 158 174 190 206 206 222 222 238 254 270 286 302 318 334 350 366 382 398 414 430 446 462 478 494 510 526 542 558 574 590 606 622 638 638 654 670 686
-1586
48
-69 -61 -53 -45 -45 -37 -29 -29 -21 -13 -5 3 11 19 27 35 43 51 59 59 67 75 75 83 91 99 107 115 123 131 139 147 147 155 163 171 179 187 195 203 211 219 227 235 243 251 259 267
1580
21
-52 -40 -40 -28 -16 -16 -16 -4 8 20 32 44 56 68 80 92 104 104 116 128 140
-32
30
-17 -2 13 13 28 43 58 73 88 103 103 118 118 133 148 163 178 193 208 223 238 253 268 283 298 313 313 313 328 343
131
32
33 42 51 60 69 78 87 96 96 96 105 114 123 123 132 141 150 159 168 177 186 195 204 213 222 231 240 249 258 267 267 276
-1760
50
-119 -115 -111 -107 -103 -99 -95 -91 -87 -83 -79 -75 -71 -67 -63 -59 -55 -51 -47 -43 -39 -35 -31 -27 -23 -19 -15 -11 -7 -7 -3 1 1 5 9 13 17 21 21 25 29 29 33 37 41 41 45 49 53 57
34
31
113 114 115 116 117 118 119 120 121 122 123 124 125 126 127 128 128 128 129 130 131 132 133 134 135 136 137 138 139 140 141
253
11
-1000 999 778 74 571 522 482 -1000 388 442 180
830
11
738 -999 -999 -1000 744 780 15 -999 -39 -1000 -1000
2000
22
1000 1000 -174 -790 1000 691 237 -964 526 -156 18 1000 -999 141 1000 -927 999 -1000 124 338 621 -814
-1999
10
-783 999 999 999 999 69 -235 -907 437 999
764
24
-999 1000 -999 86 1000 -999 -901 133 198 507 717 -11 -999 1000 -1000 915 -999 -992 999 1000 41 -114 893 -1000
0
37
999 -999 454 830 999 999 999 -999 -999 999 -999 -999 999 -999 -1000 93 -17 -1000 193 366 151 723 999 -999 999 380 930 999 -146 -999 999 999 -999 531 999 168 -999
319
11
762 -1000 270 -1000 -1000 -93 599 699 782 779 999
-2000
15
196 -1000 -999 139 -1000 -459 -1000 732 -734 -478 -999 -671 -429 -1000 -999
-1130
26
-999 266 -262 -982 540 -1000 -999 -999 946 -999 -999 1000 541 -553 686 -322 -999 -1000 329 86 -28 999 -399 -321 149 -1000
-1027
20
999 -999 -999 -999 -1000 -999 -1000 439 799 711 101 -999 697 -1000 -132 -579 -1000 -1000 -999 -788
-303
20
212 192 212 236 -66 -299 -179 283 -90 299 299 192 -269 -212 -246 179 246 -283 -192 -246
0
20
212 192 212 236 -66 -299 -179 283 -90 299 299 192 -269 -212 -246 179 246 -283 -192 -246
-336
15
-74 262 -280 -44 -42 -262 44 -262 44 -38 280 38 74 262 -42
0
15
-74 262 -280 -44 -42 -262 44 -262 44 -38 280 38 74 262 -42
327
20
-157 -189 146 -138 39 -39 -146 48 -12 -48 173 157 12 163 -173 189 -189 138 -13 -138
0
20
-157 -189 146 -138 39 -39 -146 48 -12 -48 173 157 12 163 -173 189 -189 138 -13 -138
-272
38
-283 -195 157 -61 117 61 259 279 195 106 3 -117 -157 -230 259 165 -283 290 131 69 -3 -131 -290 31 31 -31 -3 -259 230 -151 -260 -69 260 -63 -61 -31 -279 63
0
38
-283 -195 157 -61 117 61 259 279 195 106 3 -117 -157 -230 259 165 -283 290 131 69 -3 -131 -290 31 31 -31 -3 -259 230 -151 -260 -69 260 -63 -61 -31 -279 63
104
15
120 286 36 -136 286 -120 170 136 -229 277 -36 229 -277 -136 -170
0
15
120 286 36 -136 286 -120 170 136 -229 277 -36 229 -277 -136 -170
-329
33
-242 180 141 -141 230 -147 -79 -50 -180 -119 -165 -216 252 216 -180 244 230 193 242 50 -90 -193 147 261 -244 -235 -230 90 -165 -252 119 -261 235
0
33
-242 180 141 -141 230 -147 -79 -50 -180 -119 -165 -216 252 216 -180 244 230 193 242 50 -90 -193 147 261 -244 -235 -230 90 -165 -252 119 -261 235
78
21
123 291 157 18 -270 -291 -157 179 106 -18 107 -195 -79 79 -179 195 -195 -107 270 -106 -123
0
21
123 291 157 18 -270 -291 -157 179 106 -18 107 -195 -79 79 -179 195 -195 -107 270 -106 -123
-410
12
121 -110 262 31 233 -149 110 -31 -149 -121 -233 233
0
12
121 -110 262 31 233 -149 110 -31 -149 -121 -233 233
499
15
-262 -104 109 -230 262 -262 212 -55 -212 -95 95 55 230 -109 104
0
15
-262 -104 109 -230 262 -262 212 -55 -212 -95 95 55 230 -109 104
15
19
193 288 193 -51 225 -169 86 -48 -300 -225 250 48 300 -288 -250 169 -86 -193 -288
0
19
193 288 193 -51 225 -169 86 -48 -300 -225 250 48 300 -288 -250 169 -86 -193 -288
-13
100
4 -214 10 -20 -20 -20 -20 -219 377 -20 452 415 -20 442 90 -20 -293 -260 402 -178 -266 199 -20 23 -20 -273 88 -20 -93 -229 -445 -20 264 -20 54 419 356 -277 478 -136 -20 480 268 -20 4 -20 -20 -313 282 297 -369 -20 -20 368 133 -20 469 -20 -20 -20 -20 -313 128 -253 354 418 38 -420 -7 135 254 -391 -225 -138 -120 282 -20 87 253 -306 -20 -457 393 -20 389 -20 431 437 179 -20 -341 -20 2 -289 -296 192 -20 -494 -378 -245
-835
100
-10 -10 -10 -10 227 33 85 245 146 146 -243 -335 463 160 101 -10 -329 -96 265 -10 369 461 -267 -10 -26 428 -260 -477 -10 -155 254 22 -10 -179 -10 408 -419 -10 -227 -10 -10 -10 389 -168 -10 488 168 155 -69 -77 -10 383 127 -329 128 -39 -420 410 -10 -176 479 -223 -149 -10 299 293 -427 177 -207 -352 -10 -372 267 374 -45 -10 -86 -43 189 -10 -110 327 -312 -10 -129 -1 261 -10 -202 217 -10 -10 119 -419 -10 -10 -10 450 -10 -10
-1097
100
-33 495 47 -33 -33 -33 -310 152 -308 -33 -209 -314 213 -255 217 260 10 44 282 492 132 -485 -33 232 -33 -33 -430 -346 373 -278 -33 -33 319 -52 -478 164 -345 3 304 137 -419 328 -33 318 -361 -372 -225 431 -33 310 -33 -181 -33 210 -481 -120 -33 -468 -204 -33 244 -150 -212 127 -222 5 -408 -396 -33 -33 201 326 -492 -70 -33 -172 -33 -34 -33 -33 -262 -387 -78 -68 -33 -33 -225 140 -33 -33 -37 -450 -33 -308 29 -33 -33 -26 -33 -222
7
100
127 67 -52 -52 -219 -52 -52 -52 -481 -52 134 -402 80 -52 156 54 436 135 351 -52 -311 -231 -36 199 -336 -500 294 -52 -52 -128 -309 -52 64 355 153 490 339 -52 -52 -368 -40 -256 18 338 -430 249 -52 113 -21 -52 381 -81 -172 35 174 -211 -52 238 -387 -171 -144 -456 251 377 388 -306 -52 -169 -436 -342 -125 9 -52 -112 -52 -170 -52 -52 -52 -104 -52 43 -52 56 51 36 294 -432 -343 -198 284 174 460 -52 -52 404 -52 -52 -52 -52
1646
100
376 -23 410 -168 -23 -193 -238 90 157 -462 -23 -23 339 -91 341 -136 -23 -23 443 -23 240 -23 439 -23 -23 69 -125 -23 -193 327 -23 -23 -404 -23 -23 206 90 -281 23 -406 96 -323 -110 -193 -23 109 -245 -403 -23 298 85 -23 -273 -359 -262 -278 -23 -178 -23 84 -478 -494 248 441 -23 -23 -421 290 -420 311 -23 -462 -229 -342 429 -1 -23 330 342 -23 251 82 206 -23 84 465 -23 448 345 420 -23 -6 219 -23 -23 -29 -341 66 -218 -443
-261
